# Energy from Jumos simulation
# step	Ekin(kJ/mol)	Epot(kJ/mol)	Etot(kJ/mol)	T(K)
9	473.80647576790557	-506.98020211127465	-33.17372634336908	303.9243942122292
19	378.10965338934756	-411.1995229734979	-33.089869584150335	242.53941900204305
29	376.62722618165304	-409.8010575556543	-33.17383137400128	241.58851222025612
39	361.82487826166414	-394.9479092524671	-33.12303099080299	232.0935077097964
49	379.8232518337769	-412.99255683491657	-33.16930500113966	243.6386111739148
59	409.38902093972996	-442.585814585438	-33.196793645708055	262.60365054021315
69	388.0706604576042	-421.2475444045141	-33.17688394690987	248.92893285167352
79	368.46049454495875	-401.6121560658596	-33.15166152090086	236.34994100538734
89	381.8806933695313	-414.99086267737755	-33.11016930784626	244.95836238957256
99	390.52849594504903	-423.69291968567967	-33.16442374063064	250.50551780734412
109	363.0491741181439	-396.15855998322803	-33.10938586508411	232.87883546605826
119	367.71765173050636	-400.90784734705585	-33.19019561654949	235.87344255312067
129	373.65915007177995	-406.81075005996183	-33.151599988181886	239.6846320923896
139	378.146589902246	-411.2936139232565	-33.14702402101051	242.5631120241546
149	357.3883814887864	-390.5419411792288	-33.153559690442364	229.247705334605
159	360.97798842404165	-394.133739155192	-33.15575073115036	231.55026802433883
169	390.0770969472247	-423.21900227056705	-33.14190532334237	250.21596674804417
179	422.77534772695844	-455.9472072139461	-33.17185948698767	271.19034461808866
189	411.048763708807	-444.1891390204554	-33.14037531164843	263.66829684928337
199	370.56418104466417	-403.7391177793747	-33.17493673471051	237.69935617325555
209	354.5372852958803	-387.67195996517955	-33.13467466929927	227.41886227823812
219	393.00021716881884	-426.1990335301299	-33.19881636131106	252.0910098046374
229	401.49645662553485	-434.6286267439071	-33.132170118372244	257.54094466629044
239	417.39998592221013	-450.5802698571355	-33.18028393492534	267.74230483025775
249	398.65001408251914	-431.7911300735795	-33.14111599106036	255.71508670572987
259	394.2681568297507	-427.4194151901842	-33.15125836043353	252.90433299259473
269	394.3459566118588	-427.50234252495903	-33.15638591310022	252.95423786485026
279	380.11363586990404	-413.2803242193238	-33.16668834941976	243.8248787679273
289	360.0082232033297	-393.111013043688	-33.1027898403583	230.92820960532868
299	387.6365746776351	-420.8181238130333	-33.1815491353982	248.65048740092396
309	389.61171051250426	-422.75770807197756	-33.1459975594733	249.91744341102614
319	371.92620227118243	-405.05849266378203	-33.1322903925996	238.57302822575943
329	367.02842398506544	-400.1553667067165	-33.12694272165106	235.43133562609333
339	374.6815405259492	-407.8259911733894	-33.14445064744024	240.34044710405263
349	385.40330776428516	-418.5527588157145	-33.14945105142937	247.2179525402426
359	377.7278443867688	-410.87532486812046	-33.147480481351636	242.2945066258974
369	366.13183518798354	-399.27852042854755	-33.14668524056401	234.8562164140375
379	379.1489720966233	-412.2915713089286	-33.1425992123053	243.20609268561878
389	387.4261235723659	-420.5649917746187	-33.13886820225281	248.5154929929717
399	378.4785467130089	-411.6455834924652	-33.16703677945634	242.77604658240907
409	375.2517145869319	-408.41492566302367	-33.163211076091784	240.70618673603812
419	381.0770291811584	-414.2348089134644	-33.15777973230598	244.44284990907002
429	384.57249244222106	-417.7313081017528	-33.15881565953174	246.68502389453062
439	383.2149125914071	-416.37369083355014	-33.15877824214306	245.81420077400514
449	383.58697951683644	-416.7565319965378	-33.16955247970134	246.05286406946618
459	381.31387174594056	-414.4676454615949	-33.153773715654324	244.59477318725743
469	397.21365163447433	-430.337662582983	-33.12401094850867	254.79372828363634
479	417.58864446280825	-450.79390717438645	-33.2052627115782	267.8633203410131
489	381.87380739278717	-414.9700846019659	-33.09627720917871	244.9539453619093
499	392.53041006092116	-425.68786098422726	-33.1574509233061	251.78965081533067
509	388.8529387524303	-422.00455787671467	-33.151619124284366	249.43072729522785
519	377.8669664726496	-411.05441310998305	-33.18744663733344	242.38374684914325
529	356.93912312202434	-390.02904512868884	-33.089922006664494	228.95952738865853
539	381.4630358624297	-414.6421811563752	-33.17914529394551	244.69045489711306
549	376.86383464949733	-410.02025812641074	-33.1564234769134	241.74028533635482
559	370.94166041347074	-404.09693202083577	-33.15527160736502	237.94149129457534
569	367.71811597438034	-400.8975350322434	-33.17941905786307	235.87374034355912
579	358.7309647385193	-391.8790264633256	-33.148061724806325	230.10890884642535
589	374.95059396524965	-408.12730668457874	-33.17671271932909	240.51303213134167
599	403.26121354489624	-436.4312623477263	-33.17004880283008	258.67295257475024
609	407.0497261992133	-440.17879736296453	-33.129071163751235	261.1031038544738
619	395.71197799453694	-428.875677982211	-33.16369998767408	253.83047582791005
629	367.82303070873627	-400.9840974890762	-33.16106678033992	235.94103817234327
639	347.7822496405977	-380.9143442594426	-33.13209461884492	223.08582711638982
649	384.960865058913	-418.15746132327075	-33.196596264357765	246.93414651799287
659	378.76633624875353	-411.8942397049526	-33.12790345619908	242.9606499274141
669	354.3536333462481	-387.46542050014995	-33.111787153901844	227.30105825825848
679	370.0758971330909	-403.2107143062311	-33.13481717314022	237.38614519025253
689	393.78155205804603	-426.9457263344362	-33.164174276390156	252.5921990982206
699	391.8275606852509	-424.98263246911864	-33.155071783867754	251.3388062582215
709	369.41927334770946	-402.55115046130305	-33.13187711359359	236.9649521580679
719	362.2597583236158	-395.4172034448558	-33.15744512123996	232.37246265478618
729	348.82667894697795	-381.9297570141511	-33.10307806717316	223.75577900703178
739	366.60591960329214	-399.7870684576916	-33.18114885439945	235.16031909328981
749	375.9815824300424	-409.15702678747937	-33.17544435743696	241.17436235924555
759	366.1646584217815	-399.3072585187797	-33.142600096998194	234.87727096258914
769	367.03547331674815	-400.2468618681833	-33.211388551435164	235.43585743820614
779	355.5552491948644	-388.6954133692053	-33.140164174340896	228.07183786458327
789	364.1728314699358	-397.35121126924537	-33.178379799309596	233.59960839216058
799	369.9465707151353	-403.02661305290866	-33.080042337773364	237.30318842363366
809	412.7920508240069	-445.99804428203134	-33.205993458024466	264.7865328961133
819	396.7210780692345	-429.83645138734425	-33.11537331810973	254.47776569114995
829	390.79629963714757	-423.94383015414655	-33.147530516998984	250.67730118104524
839	397.7608105499842	-430.9366355820236	-33.17582503203937	255.14470479079498
849	386.5032480437645	-419.6179779335785	-33.11472988981404	247.923512088724
859	394.08613834930634	-427.27437892161726	-33.18824057231092	252.7875767656672
869	417.84315551370975	-451.04282994347955	-33.1996744297698	268.0265771155015
879	390.9667647188949	-424.10314802841316	-33.13638330951824	250.78664645037793
889	344.37531442389917	-377.45843162169876	-33.083117197799595	220.9004396748669
899	385.2277469198204	-418.4235288152214	-33.19578189540101	247.10533858068277
909	384.86884721400867	-418.04568399975864	-33.17683678574997	246.87512143243674
919	353.0840528155251	-386.15091093684254	-33.06685812131741	226.4866825301128
929	400.917235230432	-434.1210053003384	-33.2037700699064	257.16940159834036
939	379.93966890832206	-413.09729005935014	-33.15762115102808	243.7132872086814
949	353.7754616422656	-386.8870495642193	-33.111587921953685	226.93018851740337
959	385.26912858614344	-418.4303644624574	-33.16123587631398	247.1318829580012
969	405.96499582075245	-439.1905566730779	-33.22556085232543	260.40730073649615
979	376.2287656951568	-409.31691508189476	-33.08814938673794	241.33291870651274
989	377.5895795396352	-410.7666890355989	-33.17710949596369	242.2058162806719
999	388.78644605355737	-421.9921840074146	-33.20573795385724	249.38807538087457
1009	387.5424527486071	-420.68515862124775	-33.14270587264065	248.59011264514302
1019	378.6130856890208	-411.7286597622131	-33.115574073192306	242.86234695792857
1029	406.22650392919513	-439.4097051255161	-33.183201196320965	260.5750457917134
1039	411.8768090934134	-445.0400942996302	-33.16328520621681	264.1994487114205
1049	393.1212857428101	-426.2318920778199	-33.110606335009834	252.16866955580224
1059	394.6478685995455	-427.8080101139339	-33.160141514388386	253.14790009332526
1069	365.04565339418303	-398.1704715810482	-33.124818186865184	234.15948228192127
1079	363.2874531065175	-396.48387575219175	-33.19642264567426	233.03168014188836
1089	376.145918660524	-409.32633527596744	-33.18041661544345	241.279776261019
1099	364.97484039412694	-398.0888204307212	-33.113980036594285	234.11405909915558
1109	379.90482430860806	-413.08695584193845	-33.18213153333039	243.69093604971403
1119	385.4244368661236	-418.5803813627814	-33.15594449665781	247.23150585748272
1129	383.76670776765513	-416.91540420782985	-33.14869644017472	246.16815122265325
1139	384.4510216522515	-417.6454762969374	-33.19445464468589	246.607106140882
1149	376.9028610203552	-410.00658650638775	-33.103725486032545	241.7653189032812
1159	380.2559803501302	-413.4408383675088	-33.18485801737859	243.91618600439358
1169	396.10167140202253	-429.29062371734886	-33.18895231532633	254.08044567605663
1179	409.8292774457323	-443.01066756085504	-33.181390115122724	262.8860542192002
1189	389.9985202130825	-423.17273891130475	-33.17421869822226	250.16556349788885
1199	391.5222928833717	-424.74224708892524	-33.21995420555356	251.14299143401874
1209	373.5340511781055	-406.6095111309612	-33.07545995285568	239.60438708219849
1219	409.2451416161286	-442.4419230053332	-33.1967813892046	262.51135877447837
1229	399.219118531079	-432.3350371163609	-33.11591858528192	256.08014023204925
1239	392.3543322945069	-425.53892405308164	-33.184591758574754	251.67670527484395
1249	371.5114103632037	-404.68175200567777	-33.17034164247406	238.30695887929846
1259	379.3140159300163	-412.4741983748781	-33.16018244486179	243.3119604811172
1269	385.6581136200041	-418.8422716690621	-33.184158049058	247.38139841804662
1279	370.66873136797824	-403.7895477852288	-33.12081641725058	237.7664202496307
1289	373.8312549450399	-406.9962883450949	-33.165033400054995	239.7950292102461
1299	367.53822556210605	-400.66714970411493	-33.128924142008884	235.7583491714852
1309	383.093166815109	-416.29849554863614	-33.20532873352715	245.7361066296621
1319	377.1387478557181	-410.26131264711387	-33.122564791395746	241.91662912635093
1329	399.35987827091543	-432.5861526267383	-33.22627435582285	256.17043093267745
1339	355.94582471401935	-389.0794257643942	-33.133601050374864	228.3223735455507
1349	351.3718429311407	-384.5590861496559	-33.18724321851522	225.38838105368754
1359	343.43685494227475	-376.5868667737592	-33.15001183148445	220.29846240348587
1369	355.5877169871128	-388.7648233585106	-33.17710637139783	228.09266441422992
1379	365.10847995872405	-398.252076956799	-33.14359699807494	234.19978254488754
1389	381.23317602001254	-414.40770095346505	-33.17452493345252	244.54301070431873
1399	373.32478109194517	-406.5228096123645	-33.198028520419314	239.4701502420203
1409	367.64370941401154	-400.7968876569168	-33.153178242905256	235.82601206219937
1419	395.43917025520807	-428.6226111322202	-33.18344087701212	253.65548259511905
1429	381.39031688927315	-414.57748976554547	-33.187172876272314	244.64380912295283
1439	338.5189469289275	-371.60264892694033	-33.08370199801283	217.14385753801713
1449	366.21680757089	-399.4125684340627	-33.195760863172666	234.91072216970022
1459	367.9097793215423	-401.0153702281896	-33.10559090664731	235.9966832952874
1469	387.7287826834417	-420.90411619430597	-33.17533351086428	248.70963446568464
1479	392.01968206851853	-425.13944686170214	-33.119764793183606	251.46204301839916
1489	405.45150578653545	-438.6528715063436	-33.201365719808166	260.0779212206706
1499	370.3485897926383	-403.430605167164	-33.082015374525724	237.56106460481885
1509	395.02126585728746	-428.19937767357766	-33.1781118162902	253.38741673390265
1519	402.8383977665611	-435.9837106728114	-33.1453129062503	258.4017362958136
1529	386.8265835426811	-419.95777082596607	-33.13118728328499	248.13091648410776
1539	391.86523218631106	-425.01739710912926	-33.1521649228182	251.36297074039797
1549	405.27048400391357	-438.46702639979173	-33.19654239587817	259.96180432814947
1559	402.5778780020974	-435.7666960326906	-33.18881803059321	258.23462521640795
1569	396.05640533345417	-429.2051572567291	-33.148751923274915	254.05140963883127
1579	385.29945204501576	-418.4434741052532	-33.14402206023743	247.15133401943564
1589	368.6258432349606	-401.74734707754305	-33.121503842582456	236.45600435194913
1599	372.67623328184465	-405.87398694265363	-33.197753660808985	239.05413756515046
1609	366.8569359536907	-399.9746150769201	-33.11767912322938	235.3213341830659
1619	385.6181968036043	-418.7587476665841	-33.14055086297981	247.3557936725152
1629	405.18028295643825	-438.35354894324996	-33.173265986811714	259.90394463202176
1639	403.6722085339358	-436.7779581971865	-33.10574966325066	258.9365863776983
1649	409.6710141020138	-442.8112368402444	-33.14022273823059	262.78453578641034
1659	388.93447796873863	-422.0907027082844	-33.15622473954579	249.4830308372613
1669	396.5430159891891	-429.7237069385441	-33.18069094935504	254.3635473075319
1679	394.60681839957584	-427.778335184646	-33.17151678507014	253.1215683359599
1689	374.98883208689995	-408.0854070817567	-33.09657499485678	240.53756007376697
1699	369.07865247611716	-402.2973785832001	-33.218726107082944	236.74646001549652
1709	356.731130747435	-389.8462937878989	-33.115163040463926	228.8261101398854
1719	404.9198257451177	-438.12447579889476	-33.20465005377707	259.73687367749227
1729	398.66045896557796	-431.8277006409991	-33.16724167542117	255.72178660309012
1739	380.8221329854204	-413.9715426838364	-33.14940969841598	244.27934608242617
1749	393.7313209048629	-426.9181114569764	-33.18679055211351	252.55997819457627
1759	372.0078006741243	-405.18713734304777	-33.17933666892344	238.62536973321266
1769	349.1293842376731	-382.2605467903237	-33.13116255265061	223.94995010178147
1779	376.650326103566	-409.82876236644023	-33.17843626287424	241.6033297251506
1789	378.35855329368997	-411.50767231431894	-33.14911902062897	242.69907649200064
1799	360.3626038774467	-393.4619489553859	-33.09934507793918	231.15552800895952
1809	364.5457921236716	-397.7141670623067	-33.168374938635054	233.83884497196453
1819	357.39706109346895	-390.5334617157159	-33.136400622246924	229.2532728895669
1829	352.11880451176984	-385.2619158563992	-33.14311134462935	225.86752149921352
1839	367.6699738571103	-400.83350211244453	-33.163528255334256	235.84285945742582
1849	378.45056003024376	-411.6343783912399	-33.183818360996156	242.7580944520765
1859	362.8005282030646	-395.9299740042241	-33.129445801159534	232.71934089817304
1869	361.15537801679767	-394.32792327074884	-33.17254525395117	231.66405503923883
1879	378.38976887377333	-411.6030340214328	-33.213265147659456	242.71909980690242
1889	371.30481270305637	-404.44003325767704	-33.13522055462067	238.17443627372577
1899	370.99229330253854	-404.1446192208968	-33.15232591835826	237.97396989274608
1909	367.4193809363791	-400.5650106454112	-33.14562970903205	235.6821159777094
1919	344.22989286208946	-377.3041266329452	-33.074233770855756	220.8071586364286
1929	374.4738147228315	-407.66925852246055	-33.19544379962906	240.20720084824228
1939	357.4110926350942	-390.5414026117571	-33.13030997666294	229.26227345837805
1949	361.6226800498283	-394.75876037203494	-33.136080322206624	231.9638071417672
1959	376.13081869988247	-409.29089495477166	-33.16007625488919	241.27009035205555
1969	368.87742752790456	-402.0350509950737	-33.15762346716912	236.6173837499457
1979	362.0210737119645	-395.2086181179735	-33.18754440600901	232.21935779085132
1989	353.4252977033938	-386.5422167237295	-33.11691902033567	226.70557494954508
1999	377.05214405358004	-410.23368627022074	-33.18154221664071	241.86107689258577
2009	367.3516293268139	-400.47028639029656	-33.11865706348266	235.63865653182356
2019	381.7231907918235	-414.90050121266364	-33.177310420840115	244.85733195211574
2029	380.0260614698927	-413.15755844221536	-33.13149697232268	243.76870394163598
2039	401.56480250136065	-434.74538582317564	-33.18058332181499	257.58478530581226
2049	408.2494988671712	-441.4296241954891	-33.1801253283179	261.872701147779
2059	391.78033059872934	-424.9244640672033	-33.14413346847397	251.30851039658015
2069	383.2954041433193	-416.4136161070354	-33.118211963716135	245.86583228899127
2079	395.1144157367642	-428.2861592822328	-33.17174354546859	253.4471679659748
2089	380.1372496279768	-413.2914493580862	-33.15419973010938	243.84002587436078
2099	378.27989448431265	-411.40686403971904	-33.12696955540639	242.6486205944726
2109	402.6106844929735	-435.8134349344088	-33.202750441435285	258.25566902516886
2119	376.12497019811934	-409.25083820747034	-33.125868009350995	241.26633881541284
2129	393.8809244345057	-427.0670055929685	-33.1860811584628	252.65594176714038
2139	393.86592481144123	-427.0532378393753	-33.18731302793407	252.64632021997625
2149	384.1803833037863	-417.29013250609415	-33.10974920230785	246.43350446949378
2159	399.2171354985598	-432.38763211653486	-33.17049661797506	256.07886821069053
2169	379.8265826071735	-412.9205680835969	-33.09398547642337	243.64074770715902
2179	395.7576829035941	-428.9419051050106	-33.1842222014165	253.8597933605065
2189	380.9334481701543	-414.0471116760363	-33.113663505882016	244.3507494967253
2199	386.52223590441594	-419.682130918932	-33.15989501451605	247.9356919012446
2209	389.91462475550213	-423.08903733278623	-33.1744125772841	250.111748538773
2219	362.55268056674623	-395.6499971327575	-33.09731656601127	232.56035838827188
2229	377.95039276628	-411.11800286384624	-33.16761009756624	242.4372608618251
2239	396.95555960165024	-430.151868550248	-33.19630894859779	254.62817447899502
2249	360.9711646985881	-394.08103156904394	-33.109866870455846	231.54589092792753
2259	362.00733662305475	-395.2325452640039	-33.22520864094912	232.21054609949914
2269	332.3583865201366	-365.4626785282964	-33.1042920081598	213.1921500667018
2279	358.123563249849	-391.31383219736375	-33.19026894751477	229.7192895842814
2289	378.49926599258475	-411.6625826585545	-33.163316665969774	242.78933701809464
2299	372.141821148376	-405.2841261389908	-33.14230499061483	238.71133751443173
2309	379.5229160302139	-412.7307805787593	-33.207864548545444	243.4459599928388
2319	370.5675056325392	-403.6774376696866	-33.10993203714736	237.70148873878097
2329	381.1748795906183	-414.38325402604147	-33.208374435423195	244.5056163083057
2339	350.9869698658244	-384.07997375738535	-33.093003891560954	225.14150322654245
2349	383.92734933189183	-417.1282280988337	-33.200878766941855	246.27119517117
2359	379.6328829601673	-412.77033761066093	-33.13745465049362	243.51649856560798
2369	364.7650279834936	-397.8968338993649	-33.13180591587127	233.97947438353594
2379	370.8177685505121	-403.958170648791	-33.14040209827891	237.86202053737114
2389	387.7045818536267	-420.88357420144723	-33.178992347820554	248.69411078055765
2399	369.6331747023724	-402.7996816846245	-33.16650698225209	237.102159737453
2409	363.7996161307674	-396.9520705526926	-33.1524544219252	233.3602084437246
2419	372.2266624834026	-405.43607723971667	-33.20941475631406	238.76575920909158
2429	345.8904664898947	-378.9590575806844	-33.06859109078965	221.87233790198752
2439	390.87320599953256	-424.0842749552818	-33.21106895574923	250.72663296689942
2449	397.60715169122466	-430.7446039741881	-33.137452282963466	255.04613991683846
2459	411.3194184078841	-444.53838138998486	-33.21896298210078	263.84190900881407
2469	359.21156477531406	-392.313863615285	-33.102298839970956	230.41719098799905
2479	374.16415486716704	-407.35734705110247	-33.19319218393542	240.00856872973404
2489	396.5150732314938	-429.663861169209	-33.14878793771521	254.3456233530494
2499	401.75055306891824	-434.9274614815719	-33.17690841265369	257.70393548970964
2509	415.568763922304	-448.72736888216934	-33.15860495986533	266.5676627232929
2519	419.61376358459125	-452.7580767823799	-33.14431319778862	269.16233826029753
2529	387.7634161353584	-420.95359132370044	-33.19017518834204	248.73185018334914
2539	357.7266671488583	-390.8397893088351	-33.1131221599768	229.4646995496828
2549	362.8245426329565	-396.0129561953064	-33.18841356234992	232.73474501658535
2559	352.1654715337924	-385.2808137003949	-33.11534216660249	225.89745618166992
2569	380.36080782169586	-413.5693169863762	-33.20850916468032	243.9834278582343
2579	360.1019622862973	-393.1811478206451	-33.0791855343478	230.98833878351007
2589	382.728468573835	-415.92386109727073	-33.195392523435714	245.50216999578683
2599	372.1085495936242	-405.2529322790622	-33.14438268543796	238.6899953892401
2609	357.35569130812365	-390.49945669390024	-33.14376538577659	229.22673613333245
2619	344.08411315691484	-377.19181840381367	-33.10770524689883	220.71364786599895
2629	363.1665763869711	-396.2871888247878	-33.1206124378167	232.95414345625537
2639	384.15127228007236	-417.32204420882147	-33.170771928749105	246.41483112774006
2649	380.2105888391888	-413.3521822668509	-33.14159342766209	243.8870695018323
2659	362.254685057123	-395.38263085266897	-33.12794579554594	232.36920839482065
2669	361.94128954023324	-395.09354206725504	-33.1522525270218	232.1681800267191
2679	373.55071690148816	-406.6969495210494	-33.14623261956126	239.61507735373806
2689	373.3158065480955	-406.4467578658953	-33.13095131779977	239.46439349756378
2699	367.6052892401177	-400.7143828119103	-33.109093571792584	235.8013673418897
2709	392.4172498939575	-425.6063490759619	-33.189099182004384	251.7170639323894
2719	379.1246642317062	-412.24138991833604	-33.11672568662982	243.19050034254758
2729	375.4606995862983	-408.5940341642621	-33.13333457796381	240.840240706552
2739	379.5608490615181	-412.74107947373676	-33.180230412218634	243.4702922342694
2749	370.62864051963953	-403.72373913729996	-33.095098617660426	237.74070387086013
2759	402.4907557974048	-435.62806743409976	-33.13731163669496	258.17874045197806
2769	416.15306404249884	-449.33524845439376	-33.18218441189492	266.94246355264113
2779	370.6285430996541	-403.7423980191942	-33.113854919540074	237.74064138055752
2789	343.58493588546327	-376.72236708613474	-33.13743120067147	220.39344930901518
2799	345.8129103005646	-378.94606910744983	-33.133158806885206	221.82258928295198
2809	372.4997683911973	-405.64068037754106	-33.14091198634378	238.94094370281925
2819	385.6547282941275	-418.8301752130846	-33.17544691895711	247.3792268919724
2829	362.86428569518944	-395.9899941920154	-33.12570849682595	232.7602383070553
2839	367.44458574587816	-400.59125641762597	-33.14667067174781	235.6982836682118
2849	365.5006940707728	-398.69022759869114	-33.18953352791834	234.45136930552164
2859	363.5542619046342	-396.68500967259143	-33.130747767957246	233.2028253382614
2869	393.1004156370554	-426.3254522076531	-33.225036570597695	252.1552823722726
2879	358.1594600256574	-391.2654658099501	-33.10600578429273	229.74231566433667
2889	353.4577165520571	-386.56669523203584	-33.10897867997875	226.726370104202
2899	380.3167757606479	-413.4823996060794	-33.165623845431526	243.9551833783373
2909	379.25378119540693	-412.4047175091725	-33.150936313765555	243.27332275419076
2919	368.4535483735836	-401.60205200632555	-33.14850363274195	236.34548536572166
2929	372.5669898496068	-405.70614922984555	-33.139159380238766	238.98406308186966
2939	384.48639862783637	-417.63293380812667	-33.1465351802903	246.62979879373418
2949	383.2457004342414	-416.3676812955706	-33.12198086132918	245.83394971573787
2959	395.1259109051015	-428.2722045289028	-33.14629362380134	253.4545415715542
2969	389.9757838381034	-423.11941384361586	-33.14363000551248	250.1509791911191
2979	367.4784049564069	-400.6074581603113	-33.12905320390439	235.71997708862364
2989	348.02406057223385	-381.1954015094496	-33.171340937215746	223.24093736639705
2999	324.57050270362	-357.6658599171095	-33.095357213489535	208.19659176983825
3009	366.3075962800474	-399.52897964665925	-33.22138336661186	234.9689588229398
3019	341.27518089801987	-374.34265951259067	-33.0674786145708	218.9118509745904
3029	364.1722517630184	-397.3718932731261	-33.19964151010771	233.5992365376531
3039	353.8531952409058	-387.01199712680614	-33.158801885900345	226.98005093610152
3049	360.5342014196148	-393.6604470173985	-33.12624559778368	231.26559969796975
3059	391.54413138935985	-424.706313998236	-33.16218260887615	251.15699980039278
3069	375.4813814206693	-408.6072925912671	-33.12591117059776	240.85350712291373
3079	374.6186533020024	-407.76825657349656	-33.149603271494186	240.30010793095303
3089	373.37367891906547	-406.5135121098425	-33.13983319077704	239.50151588019943
3099	376.1684355801176	-409.36227603928626	-33.193840459168655	241.2942197975619
3109	374.904234601309	-408.0434710232612	-33.139236421952205	240.4832947969608
3119	392.00651781700833	-425.19278067174787	-33.18626285473954	251.4535987750844
3129	381.9390549149228	-415.0928117440903	-33.15375682916749	244.99579855441104
3139	394.3897249663353	-427.5696631501492	-33.17993818381393	252.98231318948228
3149	405.22044232650416	-438.3620828328767	-33.14164050637254	259.92970496423226
3159	407.6772889626891	-440.85325178216226	-33.17596281947317	261.5056556186944
3169	382.40956218976186	-415.59672412807174	-33.187161938309885	245.29760666762053
3179	344.92587664094424	-378.03859948127354	-33.1127228403293	221.2535992386326
3189	360.4290806149156	-393.5874104723369	-33.15832985742128	231.19816968482877
3199	383.41752320044156	-416.60426160959463	-33.186738409153065	245.94416587528832
3209	370.01373394485637	-403.15522646710133	-33.14149252224496	237.34627045174062
3219	363.7540984269981	-396.94418882641895	-33.19009039942085	233.3310109944462
3229	376.6260135085213	-409.7975496505874	-33.171536142066145	241.58773434792676
3239	387.413394735005	-420.5862254610751	-33.17283072607012	248.50732804719365
3249	378.5382398880517	-411.63983764302805	-33.10159775497635	242.81433692454524
3259	407.58829974609284	-440.7697256893452	-33.18142594325235	261.4485732546309
3269	388.2380769406452	-421.3716861927721	-33.13360925212686	249.03632258944975
3279	397.1643829276728	-430.2901471137365	-33.12576418606369	254.7621247437227
3289	420.9410003385419	-454.12305981968757	-33.18205948114564	270.0136977225482
3299	397.1506183268962	-430.27941985864277	-33.12880153174655	254.75329540481204
3309	384.50460858095084	-417.60958085393014	-33.104972272979296	246.64147961544518
3319	417.5785245721235	-450.7595101678603	-33.180985595736786	267.85682891085514
3329	422.36908444889394	-455.48887827557166	-33.11979382667772	270.9297459834324
3339	408.07759589842817	-441.25803081148314	-33.18043491305497	261.7624335420993
3349	378.5000095757878	-411.61676146922645	-33.116751893438675	242.7898139914711
3359	398.9716541819188	-432.175269245503	-33.20361506358421	255.92140358269103
3369	363.64185542397445	-396.8163039636489	-33.17444853967447	233.25901242869585
3379	360.3559603761548	-393.51017505457247	-33.154214678417645	231.15126651780471
3389	417.8220780502554	-451.0177651116063	-33.195687061350895	268.0130569218369
3399	404.945955936021	-438.0720335589388	-33.12607762291782	259.7536349562993
3409	382.2349477362181	-415.3860366356822	-33.15108889946413	245.18559977297434
3419	377.5281341416477	-410.7025532825155	-33.174419140867826	242.16640197057785
3429	384.7527541389406	-417.90546261595654	-33.15270847701595	246.80065322797603
3439	385.06431047195645	-418.2184023036995	-33.154091831743074	247.0005018468058
3449	374.4100860246427	-407.54239131100644	-33.13230528636376	240.16632190930505
3459	379.0074668471236	-412.25322087802454	-33.24575403090091	243.1153237758812
3469	357.99096287093954	-391.1363356163553	-33.145372745415784	229.63423272690716
3479	372.12695007537656	-405.3007156381325	-33.17376556275593	238.70179842604057
3489	381.9338800916254	-415.13062476883096	-33.19674467720557	244.99247915056952
3499	373.43808359147494	-406.62375735829187	-33.18567376681693	239.54282842455572
3509	375.61200439010327	-408.7598285747286	-33.147824184625335	240.93729556584518
3519	397.3697703545625	-430.5441641600132	-33.174393805450734	254.8938710420296
3529	392.93228893578436	-426.0588808099976	-33.12659187421326	252.04743706316853
3539	384.9132481646981	-418.0555482148022	-33.1423000501041	246.90360253755216
3549	385.488573922167	-418.64812421457736	-33.15955029241036	247.27264673862615
3559	378.0761469030894	-411.2222731653149	-33.14612626222549	242.51792617942664
3569	369.3044888034546	-402.45693520430086	-33.15244640084626	236.89132331409516
3579	372.63398320194335	-405.78777796030903	-33.15379475836568	239.02703614168726
3589	389.9875372607455	-423.1881736332903	-33.20063637254481	250.1585184545929
3599	383.901184824212	-417.02090126489185	-33.11971644067984	246.25441187977756
3609	386.42156937035185	-419.62540320144467	-33.20383383109282	247.87111909156894
3619	371.9302493234097	-405.094751959673	-33.16450263626325	238.57562421791957
3629	380.31840577405717	-413.4732822701141	-33.15487649605694	243.9562289546713
3639	386.77370393398303	-419.89482096349747	-33.12111702951444	248.0969967217962
3649	413.99161073870863	-447.2461707356574	-33.254559996948785	265.5559937182899
3659	389.07501749188276	-422.1669607462603	-33.091943254377554	249.57318027932038
3669	395.4501676548585	-428.6114389629086	-33.16127130805012	253.66253690568172
3679	399.6131226702229	-432.76101017697266	-33.14788750674978	256.3328752102117
3689	414.69368605249696	-447.88044803326414	-33.18676198076719	266.0063417513949
3699	365.0250054508158	-398.1316087436394	-33.10660329282359	234.146237605032
3709	365.9476097507299	-399.1587344405668	-33.21112468983688	234.73804452893387
3719	354.62971181571976	-387.693600970004	-33.063889154284254	227.47814950939264
3729	389.76918931066797	-422.9803758630947	-33.21118655242674	250.01845859503266
3739	380.2386282553167	-413.37925721789907	-33.140628962582355	243.9050554581174
3749	371.9663465297478	-405.08417580775586	-33.11782927800806	238.59877886465858
3759	379.72051887497764	-412.8837903511403	-33.16327147616266	243.57271285072684
3769	370.19423270291486	-403.32019788211323	-33.125965179198374	237.46205184879747
3779	376.6785130874396	-409.8253637775778	-33.146850690138194	241.62141033914935
3789	368.41082491399874	-401.54805477350703	-33.137229859508295	236.31808029163116
3799	373.1638905982307	-406.25154510695995	-33.08765450872926	239.36694661704362
3809	412.11133521214094	-445.2918383984516	-33.18050318631066	264.34988609927103
3819	388.46999265972437	-421.59042643228287	-33.1204337725585	249.18508552966745
3829	380.9466068273078	-414.05955902690266	-33.11295219959487	244.35919015152547
3839	385.881755362287	-419.00744235788375	-33.125686995596766	247.52485399436338
3849	387.11543216710476	-420.30081709059505	-33.18538492349029	248.3161991842961
3859	358.11442809651135	-391.1985671721441	-33.08413907563278	229.71342981645174
3869	387.06794731155884	-420.2327481430716	-33.164800831512764	248.28573990040252
3879	404.4738939830729	-437.59878892818324	-33.12489494511033	259.4508295907799
3889	391.76831510055445	-424.9276078973942	-33.159292796839736	251.30080302407526
3899	360.6165947553214	-393.7507663864765	-33.13417163115514	231.31845111710908
3909	362.497580785947	-395.5890895768015	-33.091508790854505	232.5250144908009
3919	394.6458733277303	-427.8718055656533	-33.22593223792296	253.14662022103832
3929	361.6953363605049	-394.79336070083116	-33.098024340326276	232.01041272091695
3939	386.19069310672023	-419.34641961657644	-33.15572650985621	247.72302291274715
3949	399.4717224389234	-432.6342856585937	-33.16256321967029	256.2421736646713
3959	382.51701343456193	-415.65953012636203	-33.1425166918001	245.36653154761558
3969	362.77028910869365	-395.93899636042215	-33.168707251728506	232.6999439525671
3979	363.79526600170016	-396.93857086271845	-33.143304861018294	233.35741804213848
3989	388.6220852948532	-421.7452436377821	-33.12315834292889	249.28264574540904
3999	395.8727499572566	-429.0267666175372	-33.154016660280604	253.93360342087232
4009	387.6690824150611	-420.79559415198895	-33.12651173692785	248.67133957350856
4019	394.6269154484616	-427.76218095667986	-33.135265508218254	253.13445964015358
4029	402.64789239264763	-435.7776096745415	-33.129717281893875	258.27953612903235
4039	384.2277156042631	-417.36765801868825	-33.13994241442515	246.46386589654216
4049	363.373316627132	-396.4800979677955	-33.106781340663474	233.0867575201479
4059	374.7292411204492	-407.89166237064563	-33.16242125019642	240.3710447742586
4069	361.96649059863586	-395.07543630607785	-33.10894570744199	232.18434531107098
4079	379.6403437228136	-412.7968862450272	-33.15654252221361	243.52128429118082
4089	388.9037252666091	-422.0608756215398	-33.15715035493071	249.46330443662495
4099	376.6597612395071	-409.81738459427237	-33.15762335476529	241.60938191760016
4109	372.632584426167	-405.74718600147537	-33.11460157530837	239.0261388933333
4119	390.09064838295376	-423.299552636755	-33.20890425380122	250.22465935168157
4129	363.5176791862623	-396.59995383330636	-33.08227464704407	233.17935925856756
4139	376.72916390959017	-409.86233563113376	-33.13317172154359	241.65390044054254
4149	388.34054046118706	-421.48980600616835	-33.14926554498129	249.1020480807678
4159	386.83393884776825	-420.02454810621464	-33.190609258446386	248.1356345636554
4169	351.8268777226462	-384.9308205722815	-33.1039428496353	225.68026430228534
4179	368.81923203684426	-402.00769568044785	-33.1884636436036	236.58005410108913
4189	361.4709019327726	-394.5523579323088	-33.08145599953616	231.86644867446037
4199	383.2414776714362	-416.4235412685564	-33.18206359712019	245.83124101357126
4209	358.09713042770085	-391.2029839794464	-33.105853551745554	229.70233418187647
4219	367.83742685672917	-400.98296520512844	-33.14553834839927	235.9502726188557
4229	376.5492641188631	-409.7177598681995	-33.16849574933639	241.5385032526358
4239	355.93178676634244	-389.0504852052355	-33.118698438893034	228.31336886756105
4249	355.137938292802	-388.28848301931373	-33.150544726511725	227.8041527028262
4259	354.3465507772033	-387.46734402132057	-33.120793244117294	227.2965151259534
4269	391.82049290252604	-425.0622808923947	-33.24178798986867	251.33427261063977
4279	377.99849907234307	-411.14917857822695	-33.150679505883886	242.46811877676666
4289	355.27775616374174	-388.3991109957918	-33.12135483205003	227.89383923920488
4299	377.78059129245116	-410.9801763155402	-33.199585023089014	242.32834126551495
4309	401.17810020739665	-434.42975626261597	-33.251656055219314	257.3367341152012
4319	351.51907350169023	-384.6319173943028	-33.112843892612545	225.4828224854794
4329	333.8030160701965	-366.95272072737015	-33.14970465717363	214.11881144285005
4339	337.7790872806777	-370.947810515748	-33.16872323507033	216.66927264545743
4349	339.85296786922254	-372.97334882526025	-33.12038095603771	217.99956873421488
4359	375.06444596566865	-408.24260215754725	-33.1781561918786	240.58606279264933
4369	384.33323846561194	-417.48956588549765	-33.15632741988571	246.53155380996506
4379	369.65888601791187	-402.783649079531	-33.12476306161915	237.11865232757026
4389	380.4334068680025	-413.6009392502856	-33.16753238228307	244.0299967050053
4399	383.75140567330635	-416.9284608919516	-33.17705521864525	246.15833565449836
4409	362.45982939722234	-395.5927046227857	-33.13287522556334	232.5007987644746
4419	380.5021172996963	-413.69490222965464	-33.19278492995835	244.07407118983537
4429	367.2805503229557	-400.4113831912243	-33.130832868268556	235.59306272022823
4439	353.10747075197816	-386.2589245831929	-33.151453831214724	226.50170402625983
4449	350.83571178482396	-383.9527311807905	-33.117019395966565	225.04447833771363
4459	364.50847743263716	-397.6816754186829	-33.17319798604575	233.81490936650556
4469	359.29210399325734	-392.4336348273905	-33.141530834133164	230.46885307848459
4479	384.0190207171076	-417.2274787098961	-33.20845799278851	246.32999801925934
4489	371.0278637161047	-404.15062021875076	-33.12275650264604	237.9967866268936
4499	361.4173075361038	-394.56729194792604	-33.14998441182223	231.8320704095488
4509	362.27564183250274	-395.39198874713685	-33.11634691463411	232.3826511728063
4519	376.344986880294	-409.57606151380253	-33.23107463350851	241.40746908750998
4529	346.4398090981222	-379.5080534100123	-33.068244311890055	222.22471514451027
4539	405.436514985562	-438.6500894842454	-33.21357449868344	260.06830533245966
4549	404.3175187075127	-437.4442725273795	-33.12675381986679	259.3505222642129
4559	377.7851704986108	-410.96598729199275	-33.18081679338195	242.33127860919686
4569	331.3711890363725	-364.48681694840667	-33.11562791203414	212.5589096772906
4579	352.02773241666	-385.2248889527472	-33.19715653608722	225.80910306731886
4589	368.50407482432536	-401.7033271408976	-33.199252316572256	236.37789568875175
4599	355.78176344322134	-388.97310325988985	-33.19133981666852	228.21713601738026
4609	339.70071215891085	-372.8433154596762	-33.14260330076536	217.90190391347383
4619	361.24976195015955	-394.3721003102709	-33.12233836011137	231.72459785838015
4629	393.1187189912315	-426.2982297542511	-33.17951076301961	252.1670231063371
4639	392.32714875128664	-425.47452924538914	-33.14738049410249	251.65926832045798
4649	404.6675715362159	-437.88272736122406	-33.21515582500814	259.575064560165
4659	361.7147591879838	-394.81247952510375	-33.09772033711994	232.02287154403854
4669	357.7152917304383	-390.89215852703916	-33.17686679660085	229.45740275799878
4679	366.6777605325564	-399.8827043534028	-33.20494382084638	235.20640164391537
4689	349.0584826615506	-382.20678238452496	-33.14829972297434	223.90447010166795
4699	361.64659993787217	-394.7982687973787	-33.151668859506515	231.9791506160656
4709	378.18579398564117	-411.39190259992006	-33.20610861427889	242.58825958524946
4719	355.4731025467964	-388.6199299431803	-33.14682739638391	228.01914468387022
4729	361.10950422600104	-394.1857536062895	-33.07624938028846	231.6346291770121
4739	405.92555416634485	-439.1514664914608	-33.22591232511593	260.3820007848584
4749	392.29147046144095	-425.39876669687783	-33.10729623543688	251.6363823887908
4759	406.17489612883384	-439.3565330592355	-33.18163693040168	260.541941834162
4769	383.15541796344235	-416.2911168758086	-33.13569891236625	245.77603779040777
4779	380.3224181446658	-413.45423750591846	-33.13181936125267	243.95880270021712
4789	380.5091905572084	-413.6989595752489	-33.18976901804052	244.07860834923355
4799	362.49788741955996	-395.59626884395783	-33.09838142439787	232.52521118172817
4809	388.0761546964329	-421.26337297347305	-33.18721827704013	248.93245714543704
4819	386.13608912150704	-419.26353183317684	-33.1274427116698	247.68799704464226
4829	408.74950444030276	-441.9374636241631	-33.18795918386036	262.19343102102624
4839	382.9800733056576	-416.0985681139296	-33.11849480827203	245.66356250435513
4849	380.5004413730363	-413.68471251064165	-33.18427113760532	244.0729961623274
4859	357.77751907929803	-390.9172761077909	-33.13975702849285	229.4973186525103
4869	350.85494268488134	-383.9969502664069	-33.14200758152555	225.05681404849224
4879	371.2796986724657	-404.4452033997887	-33.16550472732297	238.15832681358992
4889	380.88484505548905	-414.11041734693606	-33.22557229144701	244.31957290261585
4899	359.0082922653242	-392.1442755502955	-33.1359832849713	230.28680130862938
4909	360.6751402519448	-393.7898411320096	-33.11470088006479	231.35600527794298
4919	377.98154886794407	-411.1367391614031	-33.15519029345904	242.45724602414043
4929	381.57984644770596	-414.7342746369038	-33.15442818919786	244.76538335036003
4939	387.33426067565324	-420.41897054254923	-33.08470986689599	248.45656729933543
4949	419.6128563291613	-452.7816864213769	-33.168830092215615	269.1617562989461
4959	390.9137479245972	-424.0568610708805	-33.14311314628327	250.7526386900072
4969	357.1172636598926	-390.18710003577735	-33.069836375884734	229.07379609925079
4979	380.65286421703877	-413.8243426491556	-33.17147843211683	244.1707681914084
4989	379.8171352090963	-412.96183482743714	-33.14469961834084	243.6346876491304
4999	379.21469490297955	-412.3382028430674	-33.12350794008785	243.24825075041807
